0
15.220285213588692 1.7869230869999164
6.900677741898051 16.929699212834663
12.434758429139418 9.491333551674302
12.2617910259142 16.540549452835315
6.96461359514331 6.133391798468011
15.5884555116816 8.9631440309157
1.8548224487312703 12.219838580073429
5.807134911302865 0.9706007802146077
5.358509154414575 10.602740764032951
16.939898000776914 13.61707095352646
6.363411582170158 11.745145434814642
4.827961921753239 4.229327673686671
5.721984987952105 2.1994942704351605
5.852935776794636 12.268151534236358
0.6000190763874302 7.42245055371372
2.2022696416289023 5.505444673881124
10.228167373002517 13.350580173643188
4.807455611545226 4.076267291888815
18.335320595852714 5.087103677793705
17.290547134625427 11.703290738187846
10.062281372962403 15.600723290024687
2.0865997029359806 5.75442777398032
19.29874093845399 12.513304755354223
13.366671496704395 10.78269117267846
16.15607554723786 6.853979777246262
10.468039222492271 3.8106092640053624
13.683020151460132 4.0830095121769645
0.2453387788704231 13.859806217333514
17.950810175284875 14.73954139433809
17.0883434131541 3.089644158416651
6.2789036436046715 19.743160544615566
15.309152180822938 12.397092622187474
14.641936161319695 3.6799290681219055
0.1835676226674643 0.44328604696109775
7.1930907986018555 8.329377556124498
1.1384919811363403 1.8105004541841918
8.358589178485163 18.23970718863559
13.409189096813831 17.356569048146852
1.1025555102629214 10.334225531126105
2.9472971085461053 7.822030429273676
13.731019811462765 0.33283850778778934
3.4425116826230906 10.358594331217292
11.998370313303008 0.1981871652014533
14.027876412495173 16.885778628902784
3.2990921539318263 2.866807040562316
11.570668116801599 3.0458655056311446
5.3721575137845985 13.201468329282132
2.407879388506504 17.01559344839582
13.214969682714681 7.401634356435396
14.967340602485887 8.546295527623347
14.79829109567252 7.034756777352533
16.922552016128382 0.34246522887838804
18.693115351579568 18.401912040965517
8.361329988681405 16.252015000484555
4.864978320876028 13.127058852026284
15.905398375310034 3.7297825099487736
13.660732922178735 11.659978248416365
11.800092914392284 1.649102879006148
7.407340477916222 17.80874616942367
6.700375040058657 8.774569841320552
14.061770663640669 19.46836008229131
15.211377082789973 3.0723654314150672
12.995621547582768 18.38792854405187
9.198746514827578 7.522839749536232
9.267616077421657 0.11961106574443603
15.466073878415047 14.213290578721514
4.631649456124542 4.2182823038941635
1.6037220069641478 5.227179907451691
11.047604120040063 4.311663501595675
6.645421622003944 6.209301527652842
5.60667346893176 17.83646143228087
11.625999863516165 16.474702291138353
14.552466239194084 16.036824834903303
9.215674652621363 18.142430707620562
18.473703736358743 16.24721010692376
1.313345777178212 16.013477607077046
10.763840460712144 10.532541245088552
8.813371084655268 19.775546421555706
17.087478481795824 17.434307797976885
18.71733064264192 10.60558162527888
14.862975951312778 16.87205415329849
0.34432053883133307 15.354251581931731
18.665180820325983 2.1754680287031047
14.600349548771607 3.2348792344044752
19.971748271309675 17.77307480915283
18.099436797188304 2.3025814283805635
7.8210377016205594 6.239320023458226
7.38604972502017 5.997667341087243
10.719114718925189 4.202599811340271
17.590542194600793 3.6406251116506128
9.52791238558512 3.042590025235261
4.556292056750584 3.0043052607527
16.086135666102763 7.355994067314451
19.809266759639982 17.95219550711493
12.959033822257489 1.8456191070730332
13.697770560610856 9.619956553360103
5.982683687889341 15.588470156031285
13.612169960440088 15.730674973798987
13.162969427085901 11.564330534281222
1.4014142856160605 19.372568418161016
1.00896772638281 8.87708001915329
16.935205237140384 15.931157398822757
2.5249808977989163 5.276781564635192
3.2176994583524765 14.856207981541107
9.854996922536056 8.391352862045832
2.540657709768075 1.5570146902613446
8.967876865564051 5.50241617075975
12.870991420574232 3.957892171864248
13.79110912163856 3.750699213304469
18.99967628621311 18.10901416779495
2.845498003333269 15.33215223075067
3.936049691037087 7.736021425676878
2.7026873446626243 5.546708616638996
2.6135274299163003 3.725105924444161
19.4819485330839 5.487420416311199
2.17981108047985 11.278553472156867
12.122193254608646 15.708461946934625
0.9766925569800033 4.839013016260583
9.309709009795032 12.386284897185275
11.771584042586385 13.869040106151857
15.711636588699795 13.288991337745568
13.884940345636174 16.18574370228043
12.559748645204717 7.294767412501457
3.5647752993148263 19.788646358379182
12.648613906897236 18.251002304542176
2.29148952028176 8.9821506939957
0.456766535758395 1.641503784728009
18.653276409997318 16.082282870747743
14.369031604272777 0.8299926900945542
1.0143953301672193 16.11066811054463
9.872681994944838 18.573853979818274
5.405629087422716 8.616975504733952
0.11964609067520948 9.052886741604167
15.898282586517073 8.134344095330299
3.391503205418389 5.8335928520958475
13.180104529897754 12.760594497110205
15.7735442808659 11.990312836490261
11.133547302297423 18.97129904521105
11.738701096626322 10.030304912632861
10.92381154918562 0.009072704387649289
15.361685824665736 1.3206465937096645
17.436154417769284 5.05673053721541
0.5282032092138089 17.39060981263605
3.8589650380271356 6.890229438818869
9.773637819881273 18.783952208853542
16.791156189240105 6.82059624502968
8.280146819889014 11.06134500983776
6.4594350705731145 17.472338229007313
12.080620606331498 2.1039337661216972
4.463058873163865 6.309089522711613
7.662503554823457 0.044823219698260086
14.920710116584061 15.805550388609134
13.93399732089401 6.956035474894058
13.976155875502895 19.77804505735441
6.909708953817331 19.84430199726416
7.326385871040683 9.624307212744647
12.492322384624996 7.559804819174114
15.767959617861735 9.08638941716605
13.371418303013144 9.897776942013207
4.714317501358116 11.638862371359817
12.33008562518531 3.4736523522175644
5.218852227457111 0.7177662970959653
6.1445131086791305 17.878233636356132
11.245553221346636 9.744042103748589
11.781264672429604 5.17012644595763
0.7610850672602165 6.258462166321818
9.741487427461216 5.938478601810855
16.679176712310586 2.4733640384183997
8.170823075448915 15.969830320041027
17.770243786108257 3.159753030020014
5.74833261417208 18.97867588985789
9.356181515834635 1.0266471598928817
1.3872666299120295 12.912109047817586
8.942314418551128 19.61280113897651
4.4250519376903235 0.014712720736089757
12.89550566370721 4.199227637158001
0.24939432091474867 14.140626860551746
6.859467363241773 12.364228170914535
3.2019255631892074 2.7255209361992017
4.805347434356031 17.540913780403717
1.1203606915191044 5.381963490280217
9.447686573997425 11.300481945178323
4.024653029931249 16.257479020596826
0.21289035223395647 13.072802440359608
13.222178442599473 3.0953512136885153
14.02937107414152 9.629132582381093
6.501497150115199 2.364017731010011
8.915562342843613 10.890082219261103
10.103786269816283 16.87168327458164
10.674031806916751 3.4852126374589987
18.805555712953627 9.958557220048942
18.956950454316466 8.978945360709938
11.715804633858129 18.65990834377583
10.5502083993816 9.790734584541765
13.285285366502508 17.1588979469848
4.93050127364125 12.575738306825459
6.545107300993706 11.398951379741455
9.981732875894407 16.195505099465045
18.736400038107433 15.90119340983496
4.21412800142253 19.396473236985216
8.262332095132347 14.633267949231751
15.911461471330197 1.927364004905534
6.288274375464034 19.201626547038728
9.338852972159845 2.06482565916825
6.335455569190769 9.690173414308745
3.4756067955407066 13.379973135416723
10.857972930029437 16.14391560616859
9.694604348754027 14.066743199420221
15.062557868185449 11.997060154477184
1.3917862837965078 3.266274791707684
15.12503034937592 4.670777735813543
0.7763003975910809 10.559790511442062
10.476900256674014 3.116634246559793
5.863916353500964 7.165755621267222
7.980110303769425 17.257470286626535
4.173338433782541 0.3653561968794361
9.577445308255419 0.07829505282591631
8.707083252087749 16.29362799508356
14.400664092227245 19.545537034591373
6.505620203784899 10.471845913256628
11.337938206438727 4.583780050298516
10.395500793893726 10.32006456855031
18.706719186534997 7.014887210116518
10.50923273212801 9.3769862190276
3.947680495694781 19.6652068454135
13.73669595469692 19.067604503808187
8.149917019349513 9.772326052349264
16.474913568254465 0.5973649718156016
7.737114881012235 6.3736262132944255
18.875036247001667 6.914857653881663
8.78892923178639 0.5346681995847891
17.242423483513285 2.6733344684417526
8.24135286180702 18.076224513315914
5.327730457029121 18.734637553823823
10.6043745178395 5.884553976268059
14.953955107275178 16.997397331361206
18.854765437634452 14.940288575160725
11.756420391785525 11.19463595917193
3.8063654300428107 5.877098546358623
12.769695038783013 9.794208333653
17.52976196603056 6.182066191637405
9.177500730596027 18.248776780472728
13.287801472268974 12.07549324849815
19.748673437134403 19.580309335961587
6.972885307547219 12.658641421939604
8.31427822197719 4.647366475516699
3.1765478278530046 19.09368803966953
12.098019967114581 6.431725908176209
12.791345805110296 7.380957692602294
6.79410359494562 6.294169956355269
8.43960546911102 9.724280770286649
18.99375250368424 4.38755189895441
19.04312029561445 16.5261003002438
6.8935997935996784 1.2785313079142968
15.49241750987212 18.729733127695347
6.176224774409491 3.317644416399781
5.643738551872133 8.526979498987561
19.53511111238662 0.4106750808003823
18.76642157040678 5.3750444844543495
15.52335829955734 11.582552949802816
17.08288737614399 3.817526819733772
15.237495797810789 11.088298961451496
5.187983032591905 9.780005127504353
3.80477989176067 15.813814483486528
16.903950422031503 2.8115349263271705
7.724393399517815 13.32259611542582
3.521827150334569 13.169153101048321
8.81999350224313 19.14273132911994
7.399616499156361 14.693264235615594
0.8930827309878397 11.751822924363504
0.532098485595216 7.097564334889843
16.12371318893765 4.205760100274027
18.97667339432623 14.597944669294565
14.847065746086267 12.470542216776604
10.91417591683367 1.7305929894836125
4.541473327501915 12.254640625523807
18.643119218553316 1.7602920392422639
11.69549185060059 18.502664716747624
12.950359620278075 8.255698096944176
13.678652228296047 14.699381451953798
12.070711740892406 16.20916758325175
6.82255840204657 2.7464144893552023
6.842562890200128 15.504468809907054
1.6260278135233097 18.412235652753694
18.68608160898879 16.586508646526696
16.330002065883967 2.2193418519654373
17.675130414003128 5.862984784523255
6.0649882555655505 11.120784633842867
4.243537516894891 6.668645167767517
16.3558145462509 2.4315138515441026
9.960908566737226 0.5486292248876112
6.975530684840578 18.21826231210593
0.3326828125467074 3.168140545038707
14.97230019057768 5.714999071605755
5.723691277999361 9.331482323496953
14.150165056760324 7.319236317096742
5.273972946563421 2.3942704971628936
2.3666091352007967 2.3377797001755662
3.07017105914575 4.778419032537813
7.71685166675703 1.8887772476885534
5.855337576097983 8.35027179030991
10.00686244825661 8.230208963484431
17.204513826391292 6.098039943680941
4.874097002548494 10.273240831166374
4.362992404065322 9.845483237211551
14.496998317615489 18.152147303807993
10.838685766619175 2.66455339972953
11.041332995342552 1.4607855225773547
0.3595647164876059 19.200502643031577
6.8234657239138885 8.128892276926283
5.951660865253108 12.298739254926057
18.627705402233122 3.8997478586378143
1.6626575492715179 10.123490002937105
12.696887940922645 5.984035696626256
13.85062437900517 14.384120006856948
1.6223929542208904 8.703010471976587
3.9769804704705902 17.335732727785544
14.691820366157975 13.79736702503741
5.487309962560058 2.896456454726486
19.209586429378078 3.5664771823978247
3.633169376150114 5.5246090144260185
11.887731431472764 11.115955195118294
8.982582602764905 9.424705378856435
6.611252712857391 8.729784259490089
12.886417474454783 0.20206558406430597
17.714327669267607 12.746521754607976
6.312403132234428 11.261550286706822
16.360800635300848 11.307376429367968
12.228051031867517 18.046738901644506
1.7043503429546458 19.957245713398926
6.108292287393484 4.641644061378796
18.210788999544594 19.31806435190932
19.16316535073707 19.307843699288586
5.856966356441369 8.91711164254093
14.52542188722813 8.20567619702274
10.877785987583191 1.7411982507504375
17.907452316888698 9.848954191456837
11.314881298302309 5.200934999333125
11.131458995382724 6.768397645659703
3.827513354143741 5.927574273390568
19.456341393894803 5.409803443997998
16.05829837848707 18.188183528282757
1.7692857244908922 10.46872504954764
12.303400543075778 8.693204538377902
6.479581081483063 15.664224943647653
9.318846791895856 14.183724987097492
5.346722482528938 9.380051870170917
13.80167125505967 2.4240717682651214
2.4943831616938406 10.652360191015944
13.41660609789156 12.088621686617593
16.506376575021445 8.65888595281035
19.196085963711678 2.5199966340860125
9.770258389392069 17.165261579029526
8.723351491184115 10.449101050773477
11.12874500596886 14.309945657132236
16.71547259434321 7.505739753122535
5.418665503710582 17.6600118466715
2.4551470001910047 19.711822834486625
6.621689666036601 4.645834837811678
11.977158282628011 8.137467806818336
10.12059968383274 9.283484154577788
6.99740388871737 18.513569970425184
13.949421350467654 7.519421206036494
12.279442623073397 6.83270259136429
8.945245156911838 5.58287346006523
18.4655412808377 17.8334915801476
3.354105579851745 8.407048041661728
8.356222195305499 13.751883808916517
8.712819720662964 8.481117426697045
11.204361665462496 1.8360163288605968
10.723219066620898 19.420699167501137
11.79690096661173 10.859668137262766
1.3547285868558 3.095335012763496
8.92927815146029 19.23256600042929
16.555791109064963 4.327241940119253
11.334711408923246 0.29408689223576534
7.724163801905881 12.97641006349172
18.212504788713982 3.99019179320254
14.480636553006708 19.652880536574102
16.20656289827559 18.37169391039773
1.3102635215489666 18.347840749793612
15.017350849295312 9.21526217020999
11.279723990661648 16.95093430769632
19.78755430487079 1.5568228370507797
16.308963074459296 4.921980837261204
19.983729639078366 3.040321933073349
5.369792244321509 16.311073030319797
1.703266298697923 15.723079337621362
9.50365969138862 15.871800035717733
3.1680154324070187 0.3422506081302523
15.695341966074363 6.188133812827599
11.62296297726636 5.035197997297896
10.408816427187409 4.536286879836444
3.9403714681009716 9.119845327542864
17.986135517767888 9.6286403105575
2.936826238024115 1.7793818273775486
19.129631175598693 10.437616771775334
16.742673211683705 15.35895197255292
10.332316614232852 1.9731539228139527
9.520349074748518 3.470256378375447
16.390893770988527 6.188217726048251
18.41015116322154 15.213270208690105
15.03028572519382 10.112579565181811
3.789011071469961 8.562558017480072
15.188162292309945 7.865847953918646
17.75988143897065 8.328959011316142
8.652453000685442 8.376550771505524
19.246363316297245 7.0956846451177835
8.5143691955006 6.434818572594427
13.149245276977364 11.141162499858607
17.293990559298194 11.132021934635432
5.728645263647191 7.5992318354773065
12.61500403583023 2.7914852622650477
8.707485545817008 13.970587596500055
18.94971439773379 7.170187224898481
10.549060916258712 6.587641036629412
10.22497491273625 14.01213038434189
4.943483343767525 10.748254668780937
19.97421612186642 5.959858316731806
3.7448370045055523 11.972084156197093
3.2402910773268534 3.3813634072566168
4.432879638359326 15.196546860429091
17.578372224592602 10.845420313424789
10.63019068339954 16.717709231060557
9.277682097123412 11.779163090329511
18.287669056911124 2.294682101094887
5.315356922118745 19.26749129488558
19.85833046787986 4.0743713580407075
1.5752836502577483 13.004690017120508
4.111387946772558 18.856737224595047
3.509278972400114 15.08441575622533
0.19561241335049662 10.708977309335722
16.687508472939932 0.6149883094150033
11.143025156987882 12.050342374891462
1.579573702786785 3.072709166437426
4.21098435176974 19.067565178433785
19.42723744979535 18.856706454361642
13.292775424927342 9.684175278419588
4.21426903146256 0.6845861501392614
2.0838337827545494 15.295243158939824
19.50844564559641 15.268960397250906
15.772766650821131 11.092381757631344
18.34525536862787 7.1406893726421306
13.733372677038538 14.042120275933454
19.34239543676704 17.53546600123107
6.025881092754181 12.4440396964034
2.8786819073029646 14.936154164514173
12.472677026920504 16.483341698401837
17.440517948684583 2.164060599183315
4.655796847673484 15.305804306069868
8.13360486836568 13.838121942588517
18.390513954007496 12.88136547567818
16.877107655588308 7.57174476236602
17.061376356488704 12.285844303137994
16.94201304092069 2.4528405928253494
4.664070483599005 6.018599435905683
13.264961034873938 9.153366246224262
11.47852665969009 8.58720818855051
4.363353351393884 7.44046293482908
5.005722905492331 16.82852123137774
1.6970732547356882 18.912071128498454
14.13265024394898 3.29873634902923
17.96668701785529 15.455680092324865
15.446959489451288 18.553415318947014
7.107529002341659 17.2296466332255
17.204823574088728 19.251646696469454
5.63359380755765 7.892308190964639
8.662588471572475 10.756840174599429
7.5047072429569495 9.354884083033486
0.3148160414152268 15.269920145744232
2.8349571893682812 13.50995611805855
4.038351679383476 9.51896265962951
4.529923053190106 4.188081853963393
11.224081505411679 19.642610815667403
16.334746259953665 19.020896192869078
1.6850755628956504 15.142873582571202
0.7946368986016772 17.939816626207165
16.46184633565769 8.64620293213775
6.27393096068462 2.715267419214642
13.602477168225235 3.700019139146433
8.449350177513777 10.242107722378766
17.57741644522254 18.945142745480187
13.587642738831228 1.2027324239619563
10.195753691761546 13.742864211536483
18.437317848294278 5.290099697463853
13.721831841752707 7.698669974203812
4.708717915073417 4.348715219956487
5.348081645157892 4.512921166157142
4.886200389221558 15.592386034913622
16.261989548375734 19.2020697856237
10.510739040140262 18.483341940051584
8.25214815964792 6.9722617703704515
4.0907774145416065 10.908098964016858
6.130365357791487 1.890479809344281
1.4437050951045372 2.961216300145646
15.203840608974593 13.986642440046968
12.53985488157812 19.9488979387706
9.613452142429056 4.533364402366072
5.815453119714597 10.150144338295597
19.56121931460871 0.9883650577712499
13.440482699077815 17.423967637280214
13.282049207353841 5.447790512802015
3.171956311837263 3.926943019036744
3.071899065509318 13.44699806017494
6.192615714732847 14.006165323478335
3.7665169815360144 13.558629728928961
9.729625801753748 16.758453955499768
16.771963173021668 2.4760876337822957
18.267335041074148 11.797431559437314
3.0801310871300847 5.133804320271615
17.812736525022306 10.445884470491167
4.659536240199877 14.90397462814422
3.941762250642773 12.871595020356288
15.193655297783128 5.0227109471528575
16.24910782491677 10.610607828952363
8.34614011120802 9.136851943028885
19.343786230853702 13.47269508625228
4.5642610181221315 6.225941782558653
3.6771605492591064 9.999537859417948
15.88895754095908 13.142182319781687
8.259730312075952 1.446947449006828
12.321917414797989 6.624429719205738
11.717473077016543 0.6882153103180344
3.007128497680307 5.880602501937549
18.158082886610526 19.486474173623364
0.8163764039694965 6.696140832927389
19.961968917329045 0.2597189235709285
19.885206767808302 8.514436526418931
10.882418685055281 1.7629322440319206
2.227879754848743 17.048443904509252
9.733852802908068 2.0375345479975926
1.7668983486352285 16.720950219878688
17.46663407674977 16.52915353863455
11.944709980993855 9.59427674382351
8.571425685298163 4.450502874596342
6.542208255028266 10.438460273789502
11.525621027591782 12.266929520869926
12.410714812167885 11.200235095079856
2.3889004713255635 19.607973006733097
7.531119460817834 2.373437274408099
0.6745056151160389 9.95906685202404
18.145923789205945 3.6347132547730476
17.267344586888647 6.163286470599248
14.666931942281218 11.596712931972085
0.42957886337060547 9.063830969299673
17.6433893079068 18.644216071669465
17.828876124797453 16.543713961609164
2.2823839051894357 13.556929544153098
0.04403670777315849 19.769908157708358
12.845368717240028 1.9859725034937248
14.147236235550212 13.62497673365846
6.701681523716159 2.8393459614376626
14.73166445207488 19.110012546529095
1.9019835231753035 5.244968760530034
14.147860792463709 16.928467327322807
1.8415612098275647 9.998133768122655
3.731583570695365 13.511258873142689
15.915467386041694 9.263534936089624
3.450584569869888 3.419305269208699
6.024511188486739 18.7902813738639
18.6671862347784 15.360427892020827
5.373139409758359 8.01160270702413
19.608091578063977 12.983344971733395
18.207275354210214 15.139237494290548
11.652388379242126 6.162249891038769
16.972222904506435 6.72576159673695
12.693245836797804 13.66126565409254
6.827765439252202 4.156414248821257
17.59831819551166 3.8688297656236736
6.539630772987451 13.145241665673641
9.188423532572605 6.717863046890129
19.47350730017476 16.548677032857984
10.173571910288924 16.958340752035145
18.749853050034126 5.672941628081539
1.1299714537934014 16.62467672450281
6.574743925812328 10.739944819760531
15.87115656626835 12.84111131337135
9.344058954033706 7.289633687286701
7.4609178644456975 16.034066718177097
17.325322314493434 2.035028794835727
15.635250920095254 13.171227362214031
10.553549426964626 19.049464833336465
19.54506026332173 0.8228734029431495
11.03449025079505 15.153829847500496
8.500900448185147 13.641779528912261
5.430676246796899 11.984885150197622
7.795553656259601 15.28378161291261
12.11272282812342 1.4640256550733843
16.699782493084008 10.841875722267266
1.79036055981316 1.2491206411843092
11.371129301852195 12.542516570544871
1.8947099628032449 7.240363861040182
16.685156795929753 3.753548244583307
1.4653303438678655 11.324323951026305
17.893062640705985 0.27899034927511446
5.50262578905034 4.278698190724375
5.529131934265212 2.4666773469747194
5.5782014545029135 6.123520344240168
5.136016941439601 6.830534352703874
16.952807455219382 19.192880877964203
17.14537200047127 1.6900570596270237
1.53353532499388 2.8144815731558515
1.6458943375124635 7.75533220840474
10.708965253783093 2.722642434274174
7.790365248385321 1.636731590401479
2.4329856042813147 13.19364454822642
8.237805141854096 17.93418483425967
12.88505264851578 5.380585694149476
15.296386642965878 3.86171814270303
14.616670529151612 1.4382061028689774
7.327300077394705 19.288730271017187
10.300919472442098 10.76641101188807
1.4892690370228023 14.630254429779031
14.03388674188899 12.064515980870835
12.04796871087539 19.194243333460328
0.5938716446175474 2.876507143181075
12.244117741094552 13.394683607124783
17.146298518542448 6.920895315295548
12.108547684957305 19.665141697193242
11.589265298661482 8.737028114113253
14.632090214037714 8.958109684756915
17.066719162110495 15.042999299655742
18.342650827693234 2.39131825802684
3.1332597141905127 2.6885773487908393
15.611361782330286 10.902942846553177
0.6366142044508316 4.199859217902786
12.904255346649355 19.703434278587764
9.59085232471304 3.650633812364832
11.71540850338555 8.86246609929189
7.145449578717049 7.958720894872531
17.062061700170286 6.5452873476783395
6.212322726330224 1.693835033167661
4.191728229889586 17.213539847369045
14.395013661071463 7.096804451935932
13.545856435692015 13.531387325907172
7.571208811792543 15.248249227533975
19.044126371099324 7.76857924309337
2.811829637953638 9.188118671759458
5.398003187187983 6.167861902710284
11.276942699315258 5.2757560103834145
16.431692623520583 18.04491926940959
13.310792909106572 15.19344368105324
18.283184118107208 0.3148170406670614
5.165267643551021 17.7346674681013
18.87758905742691 7.689700169776059
19.61315340990717 6.881615106200234
18.20951864101739 8.968276167405024
1.1695661313203431 10.664705947551242
12.740779556928974 0.638395781639165
0.721966983378517 13.910232202329452
1.6141851275790087 0.43982801035769237
4.076218114323926 7.220471976883296
2.4038256194152874 15.585106510383042
4.258144477115717 4.3939140210182215
19.76666692663371 13.01209933507736
8.3671200284725 0.981520609122688
1.6298670381798996 12.342748589905314
16.360218076142804 7.788228352360691
4.442754513509033 16.14818918788957
1.3524854892090743 4.86717617693563
11.541920371673262 6.671258833499973
18.850960252455025 3.917423318040425
6.822421065009314 13.333175390161474
15.79705339507601 19.984208368917198
19.677616852435765 11.151942199861406
19.373965156509293 16.974077559459175
6.564700451974166 6.625834206307573
0.24283192849412272 5.735492314228843
19.572502953395343 4.686085699227414
5.20333066263764 18.318804410989337
13.012694331605898 7.998684677863171
0.23149867257653334 17.517781993429804
15.325031374064803 18.195969391742285
16.429560877424517 6.908124959320907
5.481828241738986 7.544489456040628
8.629584587886384 3.3367204073880496
0.5963673034479355 9.106388317303018
19.224812868896436 1.1786437398426597
4.584487998612916 13.627335397016093
8.25956549522827 15.667209414615721
6.498133102830108 2.1848225164690627
4.890614131087297 1.2156474844580711
11.544154065147303 5.056421431025133
15.03998776530118 19.887267288274657
17.82121641427406 19.318372706988967
5.391177075025302 5.034250687997661
17.452167128431608 0.3606732442245364
14.837752606360901 5.613495860115689
2.0587712454958473 5.805587599653402
1.075433931460985 7.801217497336637
9.420241212323823 14.242315711665858
12.235681925429313 12.266286643701802
0.6765282452565957 5.741309805759518
1.2909158231848084 17.82558085915887
5.581858904974954 16.28752366341924
14.418491495303096 5.192886165051124
17.083551319537193 4.0726637866986914
3.592603415567406 8.146186195301883
15.895662493976266 12.012277898879555
18.380303492607595 3.676447061829211
0.756550991178726 17.90431354301066
2.249874840321884 7.54428396889105
10.703977824120328 11.321552842746257
14.656807896882622 7.159193672888433
11.970892696337094 4.631109172079395
1.754673085714813 19.809294982930467
3.9995863096005047 14.459957542302595
5.785215395770445 11.007821079691784
16.591418914096444 19.476252226987874
16.03401631305118 5.085876201825876
3.3538746140709907 10.531957442566862
2.695113223443648 8.149255874384059
5.376207080324191 0.013108095415388377
19.069985064577224 2.1304092983793876
3.459488904286141 8.669800576092241
7.233357189611613 17.904904619593424
17.246397530308283 0.24877759871280603
17.63029894477885 15.305038673649973
5.240611120800603 6.927276051022804
14.026120415951585 8.351512463273561
10.975205523644043 1.8475692920728237
1.8126174852774701 15.137381003207992
7.483991771041243 8.977425046915148
9.881224735734097 3.5367574266345225
14.749251148876432 15.072483324826141
14.10568746105583 6.274039166653762
2.9438586253833354 3.692331456875144
13.93388287308097 11.877708937948537
8.055327866887573 7.02284223230452
2.6704566160661214 1.656032630150408
15.873824049624613 7.683121773250834
6.738970354079847 17.070269126733184
15.345735294896727 19.746187117893836
9.544288433916627 6.744282354247484
2.938923914546372 15.878290179560075
1.512959885553462 17.837727388249142
15.935300715352877 5.802565507009785
9.47139239825962 2.6232669161055178
4.4609067926417385 10.218481277114597
15.728632534347657 7.846551352174869
19.58321625269162 13.859339017374113
0.06260631572770903 1.8109794247361077
17.949897889038326 1.5458531145415733
6.265706340551757 12.117538655919326
2.2128151591552148 1.8946322099408497
8.98764082470462 15.603304451565128
10.875568188612789 4.766143560932852
16.320487309783765 1.2604548916093172
1.2224128115429855 0.5875506158387878
8.902929368300105 16.78094857824721
14.630928944987788 12.361569098322263
7.277688633360409 9.860282872270576
14.8403351150329 14.473288260598418
15.818189135455045 6.50704125084161
6.641878268118482 16.332674752884365
13.747525614681923 10.343209927343706
14.977265131347913 13.441256108296626
11.604836993604446 19.243536413033837
12.575624555519095 13.64727124410086
4.971223955012897 18.650473157647696
8.029026008047884 12.154350703806081
16.3493678539754 4.5145368229195215
5.601112182732186 15.274568087510003
0.7980567746045564 13.048194277315265
3.0829284930233625 19.967491902585227
1.2548348735877135 9.3446666086517
4.6545737510562635 3.8826436476684223
15.437045191119141 12.401324121824416
11.98081109474995 8.923552095439662
17.793547130672913 10.200621865083503
18.663335351215718 10.277368774556162
7.186435596127591 5.239823234244034
10.691890294531897 12.40480447658626
3.814112703685273 8.264012776766766
8.680996905814492 3.660907883718929
17.344091580885056 5.945206506433294
16.448553490653634 12.018011123323157
12.305956648700427 6.86363615914691
4.887117476524585 15.787927673435071
6.501914695236701 19.385568303534768
0.09821371979559457 15.29128275697369
13.524427947295305 14.895294436512055
0.40452238344433233 4.097635700073541
1.4274240932429016 0.32722633030219495
18.124358388598203 11.760826930093815
6.179634009413311 5.057287282549627
8.88736843007692 3.8997734915007287
10.735621915363343 18.951096048242835
13.78990614334719 0.02571606257635972
18.392115164180748 0.7297034159625837
17.833081548166668 4.692689548946245
12.554263284918182 8.80192958077863
1.856008133977669 3.348797883094443
4.11849459393453 10.325636243801139
14.57129972857641 10.691617960266859
2.3856632820954338 18.498537918951833
16.32941182368358 16.381874185087774
5.750219571694282 12.942447715718199
6.882938085640995 10.645285441821246
14.368157538048598 13.5331293217981
5.691514510621667 10.593268814606457
18.58852841425759 4.14120780709472
5.202512050424026 7.018977151254717
14.140350749504599 19.487878700599104
5.062230822472687 10.975917504738558
17.898756775977297 15.68242818279037
18.3568333051387 19.622179767069856
6.511269905437674 2.996862222242229
19.751800307267683 1.6140976427153664
14.247121122666709 8.046226251150738
19.793207450614105 3.7589278559454664
6.1395536950087015 11.78147564618971
19.653660722346576 2.6869265611071658
7.823094053772874 19.565033242643334
6.250263069240631 7.978985285713258
4.424796229430054 0.0874657129015266
8.931506439334369 6.486752548679524
17.450500520578707 0.9969764132775261
15.824525529056647 1.5079777211766188
10.814177888059984 10.851698015597668
0.4536669547337113 5.030561658893207
4.990461976537888 9.368063163283738
17.38587636728092 6.434607215622876
11.727502464467959 10.926783967681505
9.427920304659224 6.842530323070681
0.8393078217485694 19.911285995336257
8.295005787500099 14.733071044689499
15.303767313298803 0.6916958111395388
5.68987413813812 5.485842524875495
1.2245860950529908 19.93077803994585
2.375999555850612 15.198809983982732
15.172391783153188 4.376494513413451
9.098033270816014 7.421901394115928
13.002293222803852 13.419140307480731
15.097173939880337 0.3757127964691276
11.45223048730072 12.429289812304926
17.488684536341573 11.7750577018095
6.658447774238838 10.256070543453719
17.913286713395927 8.552901087957158
12.181492674129613 12.253565154024633
1.643719396396548 19.58098049515973
3.2181389103517644 18.816414101476045
18.722255007316583 0.9092184654687441
3.3816952922304933 8.643987529003866
6.72452199740105 15.096796079672059
5.7651662805631005 5.8157632832485895
10.389493277690509 18.883548901875976
0.9587759294015541 0.2488300331970561
4.625044177941888 6.751119543979039
11.27540339518286 12.22173286155995
14.293009174440648 11.84909226491635
2.644485620880348 3.38712790455173
6.697199436290527 0.3121036934971766
3.467006741398224 19.059031828162883
10.84237400926298 10.169718486694707
3.181193815565535 19.54869779952502
11.301691848628902 1.8516294394739607
12.370593879093834 1.9364598275565381
13.924694430373084 3.716526990680762
0.9532229623364907 7.905144188567219
5.637412394384476 13.083766234837729
11.322517403597034 18.123952937905937
11.230711092232628 10.922736279577414
9.267844558199247 9.159975929928946
6.302523596675911 6.655622580095361
7.0843626310159795 15.00780323681272
17.414152567079128 8.45502955601068
10.489055163447949 12.065958241816851
8.04035733467861 13.968716531795044
3.7917856114617288 13.752176962180148
12.037460302612706 16.579478150172626
16.227263480512242 18.93782834766093
15.123256123643007 3.1089848956944843
6.435827819484037 6.995055258851519
19.257021962371525 0.3001729477048376
1.7880080447610558 11.488495693181564
14.827473629666537 9.463565954535069
14.579821891837817 14.406726344578578
11.201026717975402 11.348683058756448
8.082836474921596 3.3168530728684664
17.45226903628893 6.602468899132726
2.015020142550037 4.9389490626855315
1.9930743163396425 1.1024717724926036
9.205463596209826 10.375327760198248
12.336313265185899 10.00326376960462
3.0580690170891156 19.592917698066508
4.374662964932783 19.510391273161606
8.87634191702864 15.745287505308653
14.324534962508393 11.196914165150867
11.193453616014349 13.534146682777584
5.879675788239629 0.1033830327527574
13.958762815411319 10.04843869009495
0.1385330448275246 4.9128759493858665
0.7640364929887244 1.3824096872212022
6.513996709956196 16.168507889550497
18.249615210543904 13.822334633690225
19.103674626524047 16.80159151120747
7.4128221591016885 14.504847401847332
4.8933756630895475 18.16443168453564
14.747931847461441 13.188116586145576
7.686013020197937 4.312495804652825
7.97905913042136 4.140376866241462
4.792676217663276 7.4564912099973535
19.60433760228796 5.138621049491192
2.2921388204840443 8.30567281743739
5.551821232524019 9.183524846162474
19.059616438493357 6.449463511086013
15.954536343614398 13.77497015254145
9.785100401977143 17.975273178196403
10.384178955839086 12.455806641506324
12.846146642559532 10.196167616007353
10.839952396512103 3.8197735032185665
0.16951205705875827 16.662827230788462
12.371093783872292 14.292785193722379
13.110571143146622 9.56001920239064
3.4186573333232673 2.735069420628855
10.898976120551062 1.1385748655050065
5.794157165992935 17.27492189188036
16.34355064673524 1.0096674245429171
7.669704247202002 7.773123390841721
17.25894520460569 11.928938835953158
12.036301245395073 0.9303555850424416
11.471106247896168 3.1238351541800946
17.793994719117755 19.28821507587243
8.27814895360181 17.268264192560146
10.969605249092725 10.23772939577713
19.88774991625052 4.884490518242391
9.51480495563153 6.637536637202026
12.621709803333532 18.252951902571354
16.719321223291807 6.757191560668259
19.572867338133165 15.836471433419785
15.481094967052105 17.99932699781294
3.9190740914119804 7.776109436501811
18.50724555419636 16.217693319922766
5.243476963940228 13.191693852215616
17.97672383601568 10.436367039247752
19.979880171941492 0.8208420695763885
12.2775657690446 11.388713509197677
1.4964921668794862 5.956061098837193
7.138702545688265 1.5329619967974217
15.350895394824853 18.69031527771076
13.808294007259567 14.064530938599047
10.893608724976664 1.1572054567764178
17.887600712111755 8.933535006245226
11.667137195257801 14.752707953254859
9.011431110636243 4.9891681024971195
3.9419464692074557 2.251186091891839
3.7732391369278884 9.110956128121657
15.25031417708117 14.279181604644469
2.1249689971596375 15.550138182958184
2.923565372457302 14.786262700937765
10.938788548314456 11.692733038070761
16.40770079642317 5.952994950937449
7.499867369760285 0.06911158886839797
16.526986561306476 19.40187954917631
0.4064042111938404 10.67318994445735
9.8845822743583 7.627884157997067
15.685125388611842 12.517635036631301
7.233836290168378 17.24097496568127
11.88751632751342 18.83975391826979
0.9233843880966086 13.913836488171187
9.514074076476081 16.486021351665297
18.413746190999124 17.85375021491163
7.32090456655339 16.741481901970335
6.382620150069842 18.168382229589735
10.895013810990186 2.233540463385386
13.080627391071577 4.6710138562448655
17.34168096739826 12.5279447511271
5.368775624020426 6.47152626942991
4.009323120436539 9.648031710046407
1.263448086741581 18.125235063013044
18.884305530214135 13.986602916584118
18.8342592878676 6.162451180817332
5.6201638819479545 0.9430683731668688
17.944637679129162 1.4974245459292934
17.1227606756189 19.106786395713314
2.594542705886289 16.516110356491925
18.19490422130533 11.92079321680617
18.51924154621287 19.567973423203703
9.951008143729405 16.498419073934468
3.2176120025898225 14.137839631639677
6.544391812872901 15.62855252414719
3.727956858828949 5.149567043108614
18.206855853277315 11.993597253826334
11.238864606374662 10.654109654309394
3.6821951535377795 17.237457688458267
11.017164127341987 13.580309614721964
9.842353971040865 2.7591590657480047
11.154563453749226 5.277550575059394
16.60693790960672 3.970992165131779
14.279091293978075 10.255175907550512
11.24385411948361 5.248362454909019
12.646987145518523 19.824362820591414
7.710860152792527 18.911791202745604
18.925226994738022 1.273917978146295
3.904849035696416 8.319803223400942
12.49438988487438 8.762251036446315
12.517720706395355 12.514726017924602
4.246111610243048 2.2835528701728225
9.654720500057659 7.851688884977969
