80
16.924 7.557
8.417 11.665
12.161 15.135
4.954 5.536
18.938 14.834
6.75 15.789
19.327 3.109
12.587 11.026
17.859 10.801
12.946 13.261
4.398 9.54
11.798 14.341
4.065 13.018
4.499 0.142
1.393 3.284
10.116 11.452
17.924 7.557
9.417 11.665
13.161 15.135
5.954 5.536
19.938 14.834
7.75 15.789
0.327 3.109
13.587 11.026
18.859 10.801
13.946 13.261
5.398 9.54
12.798 14.341
5.065 13.018
5.499 0.142
2.393 3.284
11.116 11.452
17.924 7.557
9.417 11.665
13.161 15.135
5.954 5.536
19.938 14.834
7.75 15.789
0.327 3.109
13.587 11.026
18.859 10.801
13.946 13.261
5.398 9.54
12.798 14.341
5.065 13.018
5.499 0.142
2.393 3.284
11.116 11.452
17.924 8.557
9.417 12.665
13.161 16.135
5.954 6.536
19.938 15.834
7.75 16.789
0.327 4.109
13.587 12.026
18.859 11.801
13.946 14.261
5.398 10.54
12.798 15.341
5.065 14.018
5.499 1.142
2.393 4.284
11.116 12.452
17.924 9.557
9.417 13.665
13.161 17.135
5.954 7.536
19.938 16.834
7.75 17.789
0.327 5.109
13.587 13.026
18.859 12.801
13.946 15.261
5.398 11.54
12.798 16.341
5.065 15.018
5.499 2.142
2.393 5.284
11.116 13.452