100
14.55282431 15.63758226
16.20326251 0.07784561521
8.33557065 13.82000332
12.29259591 3.535948866
11.49983568 11.24145297
14.73012829 13.98247834
11.87013838 9.33735412
6.288046885 5.291685668
13.66246979 14.73021636
1.027990312 13.44143489
7.819395714 3.824883118
3.715331881 17.34877968
9.631073426 11.30918637
18.07118955 9.475616494
15.77216185 12.77095724
0.2565547509 18.40621849
1.806802302 19.2547346
11.63376059 12.59377587
0.6841292971 4.097456515
13.17640003 19.46765267
11.22220328 12.94645629
10.88800763 7.262697855
11.82831981 4.932259787
18.04315286 6.264919599
2.81042232 5.31250115
4.595292029 2.464887272
14.99233013 1.603794007
8.129639655 18.4847188
12.66173682 10.67012719
13.51464003 15.52211776
5.17394247 13.14634783
1.973215753 15.1740502
19.13813927 13.96306137
4.518069495 3.413962976
7.671229006 18.93686921
2.24970303 0.5632995831
5.673731402 13.04178882
7.389801304 13.49621988
11.73279216 7.041016993
7.416974237 0.03415417237
14.67071656 16.90241535
1.399812903 3.824910732
12.82832664 1.428242145
16.50964545 2.07279352
9.107817453 14.6942922
15.48046825 2.217332307
7.119210727 3.42273643
7.01713332 18.78709696
1.309962654 17.8261032
13.19824359 12.73240932
4.85337401 5.58908578
5.953104492 4.929881936
16.78513546 0.6446682404
11.70084178 18.4283765
8.178210363 4.70852265
15.02513556 13.35846879
15.11629225 3.930231909
12.4332782 10.05660826
13.25985168 14.58368774
12.23917615 13.47415888
9.603303144 19.84654282
0.6547991381 11.77618731
6.616625252 19.11684687
14.32418914 18.42347297
12.68188508 7.003565309
0.6517690732 17.02459321
11.21907813 11.43854389
7.038128136 16.70630912
5.103544313 9.935183582
14.02995693 10.35565925
19.17845485 15.82069737
13.71719086 4.324424443
3.442562687 18.56380635
19.58291886 14.35674706
4.740068117 5.69017503
16.35606296 4.716960177
2.703099449 0.1182953795
14.9714671 4.682849406
3.817520082 13.26593014
8.057664115 5.467985965
18.63151415 8.491187931
12.81249177 0.7961263747
14.44826817 14.17478758
0.866663671 13.1343332
7.796042231 4.165694559
6.763678081 5.175159431
16.32056059 3.858023916
18.80184305 10.53026596
2.577987969 1.612510286
16.80395468 9.55897965
6.916295942 1.662905037
12.32814287 14.41881755
2.92563346 0.4509835215
7.147780527 13.21672399
6.833895463 3.220369373
17.56001992 15.79790191
17.05408575 11.68873717
5.094660311 5.284536076
17.49980491 12.0420974
11.16352563 19.83259529